static PAWN_PST: [i32; 64] = [
    // RANK 1 (A1..H1)
     0,   0,   0,   0,   0,   0,   0,   0,
    // RANK 2 (A2..H2)
     5,  10,  10, -20, -20,  10,  10,   5,
    // RANK 3 (A3..H3)
     5,  -5, -10,   0,   5, -10,  -5,   5,
    // RANK 4 (A4..H4)
     0,   0,   0,  20,  20,   0,   0,   0,
    // RANK 5 (A5..H5)
     5,   5,  10,  25,  25,  10,   5,   5,
    // RANK 6 (A6..H6)
    10,  10,  20,  30,  30,  20,  10,  10,
    // RANK 7 (A7..H7)
    50,  50,  50,  50,  50,  50,  50,  50,
    // RANK 8 (A8..H8)
     0,   0,   0,   0,   0,   0,   0,   0,
];

// Knight PST
static KNIGHT_PST: [i32; 64] = [
    // RANK 1
    -50, -40, -30, -30, -30, -30, -40, -50,
    // RANK 2
    -40, -20,   0,   0,   0,   0, -20, -40,
    // RANK 3
    -30,   0,  10,  15,  15,  5,   0, -30,
    // RANK 4
    -30,   5,  15,  20,  20,  15,   5, -30,
    // RANK 5
    -30,   0,  15,  20,  20,  15,   0, -30,
    // RANK 6
    -30,   5,  10,  15,  15,  10,   5, -30,
    // RANK 7
    -40, -20,   0,   5,   5,   0, -20, -40,
    // RANK 8
    -50, -40, -30, -30, -30, -30, -40, -50,
];

// Bishop PST
static BISHOP_PST: [i32; 64] = [
    // RANK 1
    -20, -10, -10, -10, -10, -10, -10, -20,
    // RANK 2
    -10,   5,   0,   0,   0,   0,   5, -10,
    // RANK 3
    -10,  10,  10,  10,  10,  10,  10, -10,
    // RANK 4
    -10,   0,  10,  10,  10,  10,   0, -10,
    // RANK 5
    -10,   5,   5,  10,  10,   5,   5, -10,
    // RANK 6
    -10,   0,   5,  10,  10,   5,   0, -10,
    // RANK 7
    -10,   0,   0,   0,   0,   0,   0, -10,
    // RANK 8
    -20, -10, -10, -10, -10, -10, -10, -20,
];

// Rook PST
static ROOK_PST: [i32; 64] = [
    // RANK 1
     0,   0,   0,   5,   5,   0,   0,   0,
    // RANK 2
    -5,   0,   0,   0,   0,   0,   0,  -5,
    // RANK 3
    -5,   0,   0,   0,   0,   0,   0,  -5,
    // RANK 4
    -5,   0,   0,   0,   0,   0,   0,  -5,
    // RANK 5
    -5,   0,   0,   0,   0,   0,   0,  -5,
    // RANK 6
    -5,   0,   0,   0,   0,   0,   0,  -5,
    // RANK 7
     5,  10,  10,  10,  10,  10,  10,   5,
    // RANK 8
     0,   0,   0,   5,   5,   0,   0,   0,
];

// Queen PST
static QUEEN_PST: [i32; 64] = [
    // RANK 1
    -20, -10, -10,  -5,  -5, -10, -10, -20,
    // RANK 2
    -10,   0,   5,   0,   0,   0,   0, -10,
    // RANK 3
    -10,   5,   5,   5,   5,   5,   0, -10,
    // RANK 4
     -5,   0,   5,   5,   5,   5,   0,  -5,
    // RANK 5
      0,   0,   5,   5,   5,   5,   0,  -5,
    // RANK 6
    -10,   5,   5,   5,   5,   5,   0, -10,
    // RANK 7
    -10,   0,   5,   0,   0,   0,   0, -10,
    // RANK 8
    -20, -10, -10,  -5,  -5, -10, -10, -20,
];

// King PST (middlegame-ish)
static KING_PST: [i32; 64] = [
    // RANK 1
    -30, -40, -40, -50, -50, -40, -40, -30,
    // RANK 2
    -30, -40, -40, -50, -50, -40, -40, -30,
    // RANK 3
    -30, -40, -40, -50, -50, -40, -40, -30,
    // RANK 4
    -30, -40, -40, -50, -50, -40, -40, -30,
    // RANK 5
    -20, -30, -30, -40, -40, -30, -30, -20,
    // RANK 6
     20,  20,   0,   0,   0,   0,  20,  20,
    // RANK 7
     30,  30,  20,   0,   0,  20,  30,  30,
    // RANK 8
     50,  50,  30,   0,   0,  30,  50,  50,
];